bias: [1.0909819878441618, -26.641958074726656, -1.140237283470511, -0.5325918083030541,
  -0.08207516478072062, 0.04025012427417817]
calib_file_dir: ~/catkin_ws/src/bota_demo/config
calib_file_name: fr3_hand_calib_data.yaml
gripper_com_frame_id: ft_sensor0_wrench
gripper_com_pose: [0.005971859358024914, 0.005905294534633386, 0.029436984869833347,
  0.0, 0.0, 0.0]
gripper_mass: 0.7494681342007333
loop_rate: 650.0
meas_file_dir: ~/catkin_ws/src/bota_demo/config
meas_file_name: fr3_hand_calib_meas.txt
moveit_group_name: fr3_arm
number_random_poses: 0
pose0: [0.3, 0.0, 0.55, 2.356, -0.7854, 0.0]
pose1: [0.3, 0.0, 0.55, 2.356, -0.7854, 1.571]
pose10: [0.3, 0.0, 0.55, 2.356, 0.7854, 3.142]
pose11: [0.3, 0.0, 0.55, 2.356, 0.7854, 4.712]
pose12: [0.3, 0.0, 0.55, 3.142, -0.7854, 0.0]
pose13: [0.3, 0.0, 0.55, 3.142, -0.7854, 1.571]
pose14: [0.3, 0.0, 0.55, 3.142, -0.7854, 3.142]
pose15: [0.3, 0.0, 0.55, 3.142, -0.7854, 4.712]
pose16: [0.3, 0.0, 0.55, 3.142, 0.0, 0.0]
pose17: [0.3, 0.0, 0.55, 3.142, 0.0, 1.571]
pose18: [0.3, 0.0, 0.55, 3.142, 0.0, 3.142]
pose19: [0.3, 0.0, 0.55, 3.142, 0.0, 4.712]
pose2: [0.3, 0.0, 0.55, 2.356, -0.7854, 3.142]
pose20: [0.3, 0.0, 0.55, 3.142, 0.7854, 0.0]
pose21: [0.3, 0.0, 0.55, 3.142, 0.7854, 1.571]
pose22: [0.3, 0.0, 0.55, 3.142, 0.7854, 3.142]
pose23: [0.3, 0.0, 0.55, 3.142, 0.7854, 4.712]
pose24: [0.3, 0.0, 0.55, 3.927, -0.7854, 0.0]
pose25: [0.3, 0.0, 0.55, 3.927, -0.7854, 1.571]
pose26: [0.3, 0.0, 0.55, 3.927, -0.7854, 3.142]
pose27: [0.3, 0.0, 0.55, 3.927, -0.7854, 4.712]
pose28: [0.3, 0.0, 0.55, 3.927, 0.0, 0.0]
pose29: [0.3, 0.0, 0.55, 3.927, 0.0, 1.571]
pose3: [0.3, 0.0, 0.55, 2.356, -0.7854, 4.712]
pose30: [0.3, 0.0, 0.55, 3.927, 0.0, 3.142]
pose31: [0.3, 0.0, 0.55, 3.927, 0.0, 4.712]
pose32: [0.3, 0.0, 0.55, 3.927, 0.7854, 0.0]
pose33: [0.3, 0.0, 0.55, 3.927, 0.7854, 1.571]
pose34: [0.3, 0.0, 0.55, 3.927, 0.7854, 3.142]
pose35: [0.3, 0.0, 0.55, 3.927, 0.7854, 4.712]
pose4: [0.3, 0.0, 0.55, 2.356, 0.0, 0.0]
pose5: [0.3, 0.0, 0.55, 2.356, 0.0, 1.571]
pose6: [0.3, 0.0, 0.55, 2.356, 0.0, 3.142]
pose7: [0.3, 0.0, 0.55, 2.356, 0.0, 4.712]
pose8: [0.3, 0.0, 0.55, 2.356, 0.7854, 0.0]
pose9: [0.3, 0.0, 0.55, 2.356, 0.7854, 1.571]
poses_frame_id: fr3_link0
random_poses: false
wait_time: 4.0
